253.500000 1.570680
-67.500000 0.034904
26.500000 1.570680
-256.500000 0.000000
23.500000 1.570680
22.500000 0.000000
-22.500000 0.017452
-63.500000 1.570680
115.500000 1.570680
-69.500000 3.123908
-256.500000 1.570680
118.500000 1.570680
71.500000 1.570680
-114.500000 3.106456
-25.500000 0.017452
253.500000 0.000000
-158.500000 3.089004
-65.500000 3.123908
-71.500000 0.034904
-111.500000 3.106456
19.500000 0.000000
-207.500000 3.071552
-100.500000 1.570680
68.500000 1.570680
-202.500000 0.087260
