254.000000 1.570796
-67.000000 0.034907
27.000000 1.570796
-256.000000 0.000000
24.000000 1.570796
23.000000 0.000000
-63.000000 1.570796
-22.000000 0.017453
116.000000 1.570796
-69.000000 3.124139
-256.000000 1.570796
119.000000 1.570796
72.000000 1.570796
-114.000000 3.106686
-25.000000 0.017453
254.000000 0.000000
-158.000000 3.089233
-71.000000 0.034907
-65.000000 3.124139
-111.000000 3.106686
20.000000 0.000000
-207.000000 3.071779
-114.000000 0.069813
-100.000000 1.570796
69.000000 1.570796
